148,3
148,2
148,1
148,0
147,4
147,3
147,2
147,1
147,0
146,5
146,4
146,3
146,2
146,1
146,0
97,3
96,3
27,171
96,1
27,201
27,157
95,3
27,125
95,1
27,223
94,3
27,145
94,1
93,3
93,1
92,3
92,1
24,5
91,3
24,2
91,1
90,7
90,3
26,4
90,1
26,6
26,8
89,3
26,18
26,16
89,1
88,3
88,1
87,3
87,1
28,29
28,28
28,27
28,26
28,25
28,24
28,23
28,22
28,20
28,19
28,18
28,17
28,16
28,15
28,14
28,13
28,11
28,10
28,9
28,6
28,5
28,4
28,3
28,2
28,1
27,312
27,301
27,290
27,288
27,280
27,279
27,275
27,272
27,264
27,261
27,257
27,253
27,243
27,240
27,232
27,219
27,217
27,214
27,203
27,193
27,190
27,179
27,177
27,172
27,165
27,164
27,156
27,155
27,151
17,2
27,149
17,1
27,139
27,134
17,3
27,132
27,123
27,111
27,105
27,100
27,99
27,95
27,74
27,35
16,2
27,27
16,1
27,22
27,13
16,3
27,12
27,1
27,4
27,3
27,2
